%YAML:1.0
---
camera_matrix: !!opencv-matrix
   rows: 3
   cols: 3
   dt: d
   data: [ 4.5432992171397507e+02, 0., 2.2008698296393496e+02, 0.,
       4.4775773581076140e+02, 2.7509106523794571e+02, 0., 0., 1. ]
dist_coeff: !!opencv-matrix
   rows: 1
   cols: 5
   dt: d
   data: [ -5.1519640285012780e-01, 5.5170682282859262e-01,
       -9.5521894600744447e-03, 5.7097819495386948e-02,
       -2.7482861315510582e-01 ]
